Name

Front Controller Parameter - Communications Configuration Vector
Front Controller Parameter - CAN heartbeat period
Rear Controller Parameter - Communications Configuration Vector
Rear Controller Parameter - CAN heartbeat period

Front Controller Parameter - RPDO1 map1 sub index and size
Front Controller Parameter - RPDO1 map1 index
Front Controller Parameter - RPDO1 map2 sub index and size
Front Controller Parameter - RPDO1 map2 index
Front Controller Parameter - RPDO1 map3 sub index and size
Front Controller Parameter - RPDO1 map3 index
Front Controller Parameter - RPDO1 map4 sub index and size
Front Controller Parameter - RPDO1 map4 index
Front Controller Parameter - RPDO1 size (words)
Front Controller Parameter - RPDO1 transmission type
Front Controller Parameter - RPDO1 timeout
Front Controller Parameter - RPDO2 map1 sub index and size
Front Controller Parameter - RPDO2 map1 index
Front Controller Parameter - RPDO2 map2 sub index and size
Front Controller Parameter - RPDO2 map2 index
Front Controller Parameter - RPDO2 map3 sub index and size
Front Controller Parameter - RPDO2 map3 index
Front Controller Parameter - RPDO2 map4 sub index and size
Front Controller Parameter - RPDO2 map4 index
Front Controller Parameter - RPDO2 size (words)
Front Controller Parameter - RPDO2 transmission type
Front Controller Parameter - RPDO2 timeout
Front Controller Parameter - RPDO3 map1 sub index and size
Front Controller Parameter - RPDO3 map1 index
Front Controller Parameter - RPDO3 map2 sub index and size
Front Controller Parameter - RPDO3 map2 index
Front Controller Parameter - RPDO3 map3 sub index and size
Front Controller Parameter - RPDO3 map3 index
Front Controller Parameter - RPDO3 map4 sub index and size
Front Controller Parameter - RPDO3 map4 index
Front Controller Parameter - RPDO3 size (words)
Front Controller Parameter - RPDO3 transmission type
Front Controller Parameter - RPDO3 timeout
Front Controller Parameter - RPDO4 map1 sub index and size
Front Controller Parameter - RPDO4 map1 index
Front Controller Parameter - RPDO4 map2 sub index and size
Front Controller Parameter - RPDO4 map2 index
Front Controller Parameter - RPDO4 map3 sub index and size
Front Controller Parameter - RPDO4 map3 index
Front Controller Parameter - RPDO4 map4 sub index and size
Front Controller Parameter - RPDO4 map4 index
Front Controller Parameter - RPDO4 size (words)
Front Controller Parameter - RPDO4 transmission type
Front Controller Parameter - RPDO4 timeout
Front Controller Parameter - RPDO5 map1 sub index and size
Front Controller Parameter - RPDO5 map1 index
Front Controller Parameter - RPDO5 map2 sub index and size
Front Controller Parameter - RPDO5 map2 index
Front Controller Parameter - RPDO5 map3 sub index and size
Front Controller Parameter - RPDO5 map3 index
Front Controller Parameter - RPDO5 map4 sub index and size
Front Controller Parameter - RPDO5 map4 index
Front Controller Parameter - RPDO5 size (words)
Front Controller Parameter - RPDO5 transmission type
Front Controller Parameter - RPDO5 timeout
Front Controller Parameter - RPDO6 map1 sub index and size
Front Controller Parameter - RPDO6 map1 index
Front Controller Parameter - RPDO6 map2 sub index and size
Front Controller Parameter - RPDO6 map2 index
Front Controller Parameter - RPDO6 map3 sub index and size
Front Controller Parameter - RPDO6 map3 index
Front Controller Parameter - RPDO6 map4 sub index and size
Front Controller Parameter - RPDO6 map4 index
Front Controller Parameter - RPDO6 size (words)
Front Controller Parameter - RPDO6 transmission type
Front Controller Parameter - RPDO6 timeout
Front Controller Parameter - RPDO7 map1 sub index and size
Front Controller Parameter - RPDO7 map1 index
Front Controller Parameter - RPDO7 map2 sub index and size
Front Controller Parameter - RPDO7 map2 index
Front Controller Parameter - RPDO7 map3 sub index and size
Front Controller Parameter - RPDO7 map3 index
Front Controller Parameter - RPDO7 map4 sub index and size
Front Controller Parameter - RPDO7 map4 index
Front Controller Parameter - RPDO7 size (words)
Front Controller Parameter - RPDO7 transmission type
Front Controller Parameter - RPDO7 timeout
Front Controller Parameter - RPDO8 map1 sub index and size
Front Controller Parameter - RPDO8 map1 index
Front Controller Parameter - RPDO8 map2 sub index and size
Front Controller Parameter - RPDO8 map2 index
Front Controller Parameter - RPDO8 map3 sub index and size
Front Controller Parameter - RPDO8 map3 index
Front Controller Parameter - RPDO8 map4 sub index and size
Front Controller Parameter - RPDO8 map4 index
Front Controller Parameter - RPDO8 size (words)
Front Controller Parameter - RPDO8 transmission type
Front Controller Parameter - RPDO8 timeout
Front Controller Parameter - RPDO9 map1 sub index and size
Front Controller Parameter - RPDO9 map1 index
Front Controller Parameter - RPDO9 map2 sub index and size
Front Controller Parameter - RPDO9 map2 index
Front Controller Parameter - RPDO9 map3 sub index and size
Front Controller Parameter - RPDO9 map3 index
Front Controller Parameter - RPDO9 map4 sub index and size
Front Controller Parameter - RPDO9 map4 index
Front Controller Parameter - RPDO9 size (words)
Front Controller Parameter - RPDO9 transmission type
Front Controller Parameter - RPDO9 timeout
Front Controller Parameter - RPDO10 map1 sub index and size
Front Controller Parameter - RPDO10 map1 index
Front Controller Parameter - RPDO10 map2 sub index and size
Front Controller Parameter - RPDO10 map2 index
Front Controller Parameter - RPDO10 map3 sub index and size
Front Controller Parameter - RPDO10 map3 index
Front Controller Parameter - RPDO10 map4 sub index and size
Front Controller Parameter - RPDO10 map4 index
Front Controller Parameter - RPDO10 size (words)
Front Controller Parameter - RPDO10 transmission type
Front Controller Parameter - RPDO10 timeout
Front Controller Parameter - RPDO11 map1 sub index and size
Front Controller Parameter - RPDO11 map1 index
Front Controller Parameter - RPDO11 map2 sub index and size
Front Controller Parameter - RPDO11 map2 index
Front Controller Parameter - RPDO11 map3 sub index and size
Front Controller Parameter - RPDO11 map3 index
Front Controller Parameter - RPDO11 map4 sub index and size
Front Controller Parameter - RPDO11 map4 index
Front Controller Parameter - RPDO11 size (words)
Front Controller Parameter - RPDO11 transmission type
Front Controller Parameter - RPDO11 timeout
Front Controller Parameter - RPDO12 map1 sub index and size
Front Controller Parameter - RPDO12 map1 index
Front Controller Parameter - RPDO12 map2 sub index and size
Front Controller Parameter - RPDO12 map2 index
Front Controller Parameter - RPDO12 map3 sub index and size
Front Controller Parameter - RPDO12 map3 index
Front Controller Parameter - RPDO12 map4 sub index and size
Front Controller Parameter - RPDO12 map4 index
Front Controller Parameter - RPDO12 size (words)
Front Controller Parameter - RPDO12 transmission type
Front Controller Parameter - RPDO12 timeout

Rear Controller Parameter - RPDO1 map1 sub index and size
Rear Controller Parameter - RPDO1 map1 index
Rear Controller Parameter - RPDO1 map2 sub index and size
Rear Controller Parameter - RPDO1 map2 index
Rear Controller Parameter - RPDO1 map3 sub index and size
Rear Controller Parameter - RPDO1 map3 index
Rear Controller Parameter - RPDO1 map4 sub index and size
Rear Controller Parameter - RPDO1 map4 index
Rear Controller Parameter - RPDO1 size (words)
Rear Controller Parameter - RPDO1 transmission type
Rear Controller Parameter - RPDO1 timeout
Rear Controller Parameter - RPDO2 map1 sub index and size
Rear Controller Parameter - RPDO2 map1 index
Rear Controller Parameter - RPDO2 map2 sub index and size
Rear Controller Parameter - RPDO2 map2 index
Rear Controller Parameter - RPDO2 map3 sub index and size
Rear Controller Parameter - RPDO2 map3 index
Rear Controller Parameter - RPDO2 map4 sub index and size
Rear Controller Parameter - RPDO2 map4 index
Rear Controller Parameter - RPDO2 size (words)
Rear Controller Parameter - RPDO2 transmission type
Rear Controller Parameter - RPDO2 timeout
Rear Controller Parameter - RPDO3 map1 sub index and size
Rear Controller Parameter - RPDO3 map1 index
Rear Controller Parameter - RPDO3 map2 sub index and size
Rear Controller Parameter - RPDO3 map2 index
Rear Controller Parameter - RPDO3 map3 sub index and size
Rear Controller Parameter - RPDO3 map3 index
Rear Controller Parameter - RPDO3 map4 sub index and size
Rear Controller Parameter - RPDO3 map4 index
Rear Controller Parameter - RPDO3 size (words)
Rear Controller Parameter - RPDO3 transmission type
Rear Controller Parameter - RPDO3 timeout
Rear Controller Parameter - RPDO4 map1 sub index and size
Rear Controller Parameter - RPDO4 map1 index
Rear Controller Parameter - RPDO4 map2 sub index and size
Rear Controller Parameter - RPDO4 map2 index
Rear Controller Parameter - RPDO4 map3 sub index and size
Rear Controller Parameter - RPDO4 map3 index
Rear Controller Parameter - RPDO4 map4 sub index and size
Rear Controller Parameter - RPDO4 map4 index
Rear Controller Parameter - RPDO4 size (words)
Rear Controller Parameter - RPDO4 transmission type
Rear Controller Parameter - RPDO4 timeout
Rear Controller Parameter - RPDO5 map1 sub index and size
Rear Controller Parameter - RPDO5 map1 index
Rear Controller Parameter - RPDO5 map2 sub index and size
Rear Controller Parameter - RPDO5 map2 index
Rear Controller Parameter - RPDO5 map3 sub index and size
Rear Controller Parameter - RPDO5 map3 index
Rear Controller Parameter - RPDO5 map4 sub index and size
Rear Controller Parameter - RPDO5 map4 index
Rear Controller Parameter - RPDO5 size (words)
Rear Controller Parameter - RPDO5 transmission type
Rear Controller Parameter - RPDO5 timeout
Rear Controller Parameter - RPDO6 map1 sub index and size
Rear Controller Parameter - RPDO6 map1 index
Rear Controller Parameter - RPDO6 map2 sub index and size
Rear Controller Parameter - RPDO6 map2 index
Rear Controller Parameter - RPDO6 map3 sub index and size
Rear Controller Parameter - RPDO6 map3 index
Rear Controller Parameter - RPDO6 map4 sub index and size
Rear Controller Parameter - RPDO6 map4 index
Rear Controller Parameter - RPDO6 size (words)
Rear Controller Parameter - RPDO6 transmission type
Rear Controller Parameter - RPDO6 timeout
Rear Controller Parameter - RPDO7 map1 sub index and size
Rear Controller Parameter - RPDO7 map1 index
Rear Controller Parameter - RPDO7 map2 sub index and size
Rear Controller Parameter - RPDO7 map2 index
Rear Controller Parameter - RPDO7 map3 sub index and size
Rear Controller Parameter - RPDO7 map3 index
Rear Controller Parameter - RPDO7 map4 sub index and size
Rear Controller Parameter - RPDO7 map4 index
Rear Controller Parameter - RPDO7 size (words)
Rear Controller Parameter - RPDO7 transmission type
Rear Controller Parameter - RPDO7 timeout
Rear Controller Parameter - RPDO8 map1 sub index and size
Rear Controller Parameter - RPDO8 map1 index
Rear Controller Parameter - RPDO8 map2 sub index and size
Rear Controller Parameter - RPDO8 map2 index
Rear Controller Parameter - RPDO8 map3 sub index and size
Rear Controller Parameter - RPDO8 map3 index
Rear Controller Parameter - RPDO8 map4 sub index and size
Rear Controller Parameter - RPDO8 map4 index
Rear Controller Parameter - RPDO8 size (words)
Rear Controller Parameter - RPDO8 transmission type
Rear Controller Parameter - RPDO8 timeout
Rear Controller Parameter - RPDO9 map1 sub index and size
Rear Controller Parameter - RPDO9 map1 index
Rear Controller Parameter - RPDO9 map2 sub index and size
Rear Controller Parameter - RPDO9 map2 index
Rear Controller Parameter - RPDO9 map3 sub index and size
Rear Controller Parameter - RPDO9 map3 index
Rear Controller Parameter - RPDO9 map4 sub index and size
Rear Controller Parameter - RPDO9 map4 index
Rear Controller Parameter - RPDO9 size (words)
Rear Controller Parameter - RPDO9 transmission type
Rear Controller Parameter - RPDO9 timeout
Rear Controller Parameter - RPDO10 map1 sub index and size
Rear Controller Parameter - RPDO10 map1 index
Rear Controller Parameter - RPDO10 map2 sub index and size
Rear Controller Parameter - RPDO10 map2 index
Rear Controller Parameter - RPDO10 map3 sub index and size
Rear Controller Parameter - RPDO10 map3 index
Rear Controller Parameter - RPDO10 map4 sub index and size
Rear Controller Parameter - RPDO10 map4 index
Rear Controller Parameter - RPDO10 size (words)
Rear Controller Parameter - RPDO10 transmission type
Rear Controller Parameter - RPDO10 timeout
Rear Controller Parameter - RPDO11 map1 sub index and size
Rear Controller Parameter - RPDO11 map1 index
Rear Controller Parameter - RPDO11 map2 sub index and size
Rear Controller Parameter - RPDO11 map2 index
Rear Controller Parameter - RPDO11 map3 sub index and size
Rear Controller Parameter - RPDO11 map3 index
Rear Controller Parameter - RPDO11 map4 sub index and size
Rear Controller Parameter - RPDO11 map4 index
Rear Controller Parameter - RPDO11 size (words)
Rear Controller Parameter - RPDO11 transmission type
Rear Controller Parameter - RPDO11 timeout
Rear Controller Parameter - RPDO12 map1 sub index and size
Rear Controller Parameter - RPDO12 map1 index
Rear Controller Parameter - RPDO12 map2 sub index and size
Rear Controller Parameter - RPDO12 map2 index
Rear Controller Parameter - RPDO12 map3 sub index and size
Rear Controller Parameter - RPDO12 map3 index
Rear Controller Parameter - RPDO12 map4 sub index and size
Rear Controller Parameter - RPDO12 map4 index
Rear Controller Parameter - RPDO12 size (words)
Rear Controller Parameter - RPDO12 transmission type
Rear Controller Parameter - RPDO12 timeout

Front Controller Parameter - TPDO1 map1 sub index and size
Front Controller Parameter - TPDO1 map1 index
Front Controller Parameter - TPDO1 map2 sub index and size
Front Controller Parameter - TPDO1 map2 index
Front Controller Parameter - TPDO1 map3 sub index and size
Front Controller Parameter - TPDO1 map3 index
Front Controller Parameter - TPDO1 map4 sub index and size
Front Controller Parameter - TPDO1 map4 index
Front Controller Parameter - TPDO1 size (words)
Front Controller Parameter - TPDO1 transmission type
Front Controller Parameter - TPDO1 timeout
Front Controller Parameter - TPDO1 event time
Front Controller Parameter - TPDO2 map1 sub index and size
Front Controller Parameter - TPDO2 map1 index
Front Controller Parameter - TPDO2 map2 sub index and size
Front Controller Parameter - TPDO2 map2 index
Front Controller Parameter - TPDO2 map3 sub index and size
Front Controller Parameter - TPDO2 map3 index
Front Controller Parameter - TPDO2 map4 sub index and size
Front Controller Parameter - TPDO2 map4 index
Front Controller Parameter - TPDO2 size (words)
Front Controller Parameter - TPDO2 transmission type
Front Controller Parameter - TPDO2 timeout
Front Controller Parameter - TPDO2 event time
Front Controller Parameter - TPDO3 map1 sub index and size
Front Controller Parameter - TPDO3 map1 index
Front Controller Parameter - TPDO3 map2 sub index and size
Front Controller Parameter - TPDO3 map2 index
Front Controller Parameter - TPDO3 map3 sub index and size
Front Controller Parameter - TPDO3 map3 index
Front Controller Parameter - TPDO3 map4 sub index and size
Front Controller Parameter - TPDO3 map4 index
Front Controller Parameter - TPDO3 size (words)
Front Controller Parameter - TPDO3 transmission type
Front Controller Parameter - TPDO3 timeout
Front Controller Parameter - TPDO3 event time
Front Controller Parameter - TPDO4 map1 sub index and size
Front Controller Parameter - TPDO4 map1 index
Front Controller Parameter - TPDO4 map2 sub index and size
Front Controller Parameter - TPDO4 map2 index
Front Controller Parameter - TPDO4 map3 sub index and size
Front Controller Parameter - TPDO4 map3 index
Front Controller Parameter - TPDO4 map4 sub index and size
Front Controller Parameter - TPDO4 map4 index
Front Controller Parameter - TPDO4 size (words)
Front Controller Parameter - TPDO4 transmission type
Front Controller Parameter - TPDO4 timeout
Front Controller Parameter - TPDO4 event time
Front Controller Parameter - TPDO5 map1 sub index and size
Front Controller Parameter - TPDO5 map1 index
Front Controller Parameter - TPDO5 map2 sub index and size
Front Controller Parameter - TPDO5 map2 index
Front Controller Parameter - TPDO5 map3 sub index and size
Front Controller Parameter - TPDO5 map3 index
Front Controller Parameter - TPDO5 map4 sub index and size
Front Controller Parameter - TPDO5 map4 index
Front Controller Parameter - TPDO5 size (words)
Front Controller Parameter - TPDO5 transmission type
Front Controller Parameter - TPDO5 timeout
Front Controller Parameter - TPDO5 event time
Front Controller Parameter - TPDO6 map1 sub index and size
Front Controller Parameter - TPDO6 map1 index
Front Controller Parameter - TPDO6 map2 sub index and size
Front Controller Parameter - TPDO6 map2 index
Front Controller Parameter - TPDO6 map3 sub index and size
Front Controller Parameter - TPDO6 map3 index
Front Controller Parameter - TPDO6 map4 sub index and size
Front Controller Parameter - TPDO6 map4 index
Front Controller Parameter - TPDO6 size (words)
Front Controller Parameter - TPDO6 transmission type
Front Controller Parameter - TPDO6 timeout
Front Controller Parameter - TPDO6 event time
Front Controller Parameter - TPDO7 map1 sub index and size
Front Controller Parameter - TPDO7 map1 index
Front Controller Parameter - TPDO7 map2 sub index and size
Front Controller Parameter - TPDO7 map2 index
Front Controller Parameter - TPDO7 map3 sub index and size
Front Controller Parameter - TPDO7 map3 index
Front Controller Parameter - TPDO7 map4 sub index and size
Front Controller Parameter - TPDO7 map4 index
Front Controller Parameter - TPDO7 size (words)
Front Controller Parameter - TPDO7 transmission type
Front Controller Parameter - TPDO7 timeout
Front Controller Parameter - TPDO7 event time
Front Controller Parameter - TPDO8 map1 sub index and size
Front Controller Parameter - TPDO8 map1 index
Front Controller Parameter - TPDO8 map2 sub index and size
Front Controller Parameter - TPDO8 map2 index
Front Controller Parameter - TPDO8 map3 sub index and size
Front Controller Parameter - TPDO8 map3 index
Front Controller Parameter - TPDO8 map4 sub index and size
Front Controller Parameter - TPDO8 map4 index
Front Controller Parameter - TPDO8 size (words)
Front Controller Parameter - TPDO8 transmission type
Front Controller Parameter - TPDO8 timeout
Front Controller Parameter - TPDO8 event time
Front Controller Parameter - TPDO9 map1 sub index and size
Front Controller Parameter - TPDO9 map1 index
Front Controller Parameter - TPDO9 map2 sub index and size
Front Controller Parameter - TPDO9 map2 index
Front Controller Parameter - TPDO9 map3 sub index and size
Front Controller Parameter - TPDO9 map3 index
Front Controller Parameter - TPDO9 map4 sub index and size
Front Controller Parameter - TPDO9 map4 index
Front Controller Parameter - TPDO9 size (words)
Front Controller Parameter - TPDO9 transmission type
Front Controller Parameter - TPDO9 timeout
Front Controller Parameter - TPDO9 event time
Front Controller Parameter - TPDO10 map1 sub index and size
Front Controller Parameter - TPDO10 map1 index
Front Controller Parameter - TPDO10 map2 sub index and size
Front Controller Parameter - TPDO10 map2 index
Front Controller Parameter - TPDO10 map3 sub index and size
Front Controller Parameter - TPDO10 map3 index
Front Controller Parameter - TPDO10 map4 sub index and size
Front Controller Parameter - TPDO10 map4 index
Front Controller Parameter - TPDO10 size (words)
Front Controller Parameter - TPDO10 transmission type
Front Controller Parameter - TPDO10 timeout
Front Controller Parameter - TPDO10 event time
Front Controller Parameter - TPDO11 map1 sub index and size
Front Controller Parameter - TPDO11 map1 index
Front Controller Parameter - TPDO11 map2 sub index and size
Front Controller Parameter - TPDO11 map2 index
Front Controller Parameter - TPDO11 map3 sub index and size
Front Controller Parameter - TPDO11 map3 index
Front Controller Parameter - TPDO11 map4 sub index and size
Front Controller Parameter - TPDO11 map4 index
Front Controller Parameter - TPDO11 size (words)
Front Controller Parameter - TPDO11 transmission type
Front Controller Parameter - TPDO11 timeout
Front Controller Parameter - TPDO11 event time
Front Controller Parameter - TPDO12 map1 sub index and size
Front Controller Parameter - TPDO12 map1 index
Front Controller Parameter - TPDO12 map2 sub index and size
Front Controller Parameter - TPDO12 map2 index
Front Controller Parameter - TPDO12 map3 sub index and size
Front Controller Parameter - TPDO12 map3 index
Front Controller Parameter - TPDO12 map4 sub index and size
Front Controller Parameter - TPDO12 map4 index
Front Controller Parameter - TPDO12 size (words)
Front Controller Parameter - TPDO12 transmission type
Front Controller Parameter - TPDO12 timeout
Front Controller Parameter - TPDO12 event time

Rear Controller Parameter - TPDO1 map1 sub index and size
Rear Controller Parameter - TPDO1 map1 index
Rear Controller Parameter - TPDO1 map2 sub index and size
Rear Controller Parameter - TPDO1 map2 index
Rear Controller Parameter - TPDO1 map3 sub index and size
Rear Controller Parameter - TPDO1 map3 index
Rear Controller Parameter - TPDO1 map4 sub index and size
Rear Controller Parameter - TPDO1 map4 index
Rear Controller Parameter - TPDO1 size (words)
Rear Controller Parameter - TPDO1 transmission type
Rear Controller Parameter - TPDO1 timeout
Rear Controller Parameter - TPDO1 event time
Rear Controller Parameter - TPDO2 map1 sub index and size
Rear Controller Parameter - TPDO2 map1 index
Rear Controller Parameter - TPDO2 map2 sub index and size
Rear Controller Parameter - TPDO2 map2 index
Rear Controller Parameter - TPDO2 map3 sub index and size
Rear Controller Parameter - TPDO2 map3 index
Rear Controller Parameter - TPDO2 map4 sub index and size
Rear Controller Parameter - TPDO2 map4 index
Rear Controller Parameter - TPDO2 size (words)
Rear Controller Parameter - TPDO2 transmission type
Rear Controller Parameter - TPDO2 timeout
Rear Controller Parameter - TPDO2 event time
Rear Controller Parameter - TPDO3 map1 sub index and size
Rear Controller Parameter - TPDO3 map1 index
Rear Controller Parameter - TPDO3 map2 sub index and size
Rear Controller Parameter - TPDO3 map2 index
Rear Controller Parameter - TPDO3 map3 sub index and size
Rear Controller Parameter - TPDO3 map3 index
Rear Controller Parameter - TPDO3 map4 sub index and size
Rear Controller Parameter - TPDO3 map4 index
Rear Controller Parameter - TPDO3 size (words)
Rear Controller Parameter - TPDO3 transmission type
Rear Controller Parameter - TPDO3 timeout
Rear Controller Parameter - TPDO3 event time
Rear Controller Parameter - TPDO4 map1 sub index and size
Rear Controller Parameter - TPDO4 map1 index
Rear Controller Parameter - TPDO4 map2 sub index and size
Rear Controller Parameter - TPDO4 map2 index
Rear Controller Parameter - TPDO4 map3 sub index and size
Rear Controller Parameter - TPDO4 map3 index
Rear Controller Parameter - TPDO4 map4 sub index and size
Rear Controller Parameter - TPDO4 map4 index
Rear Controller Parameter - TPDO4 size (words)
Rear Controller Parameter - TPDO4 transmission type
Rear Controller Parameter - TPDO4 timeout
Rear Controller Parameter - TPDO4 event time
Rear Controller Parameter - TPDO5 map1 sub index and size
Rear Controller Parameter - TPDO5 map1 index
Rear Controller Parameter - TPDO5 map2 sub index and size
Rear Controller Parameter - TPDO5 map2 index
Rear Controller Parameter - TPDO5 map3 sub index and size
Rear Controller Parameter - TPDO5 map3 index
Rear Controller Parameter - TPDO5 map4 sub index and size
Rear Controller Parameter - TPDO5 map4 index
Rear Controller Parameter - TPDO5 size (words)
Rear Controller Parameter - TPDO5 transmission type
Rear Controller Parameter - TPDO5 timeout
Rear Controller Parameter - TPDO5 event time
Rear Controller Parameter - TPDO6 map1 sub index and size
Rear Controller Parameter - TPDO6 map1 index
Rear Controller Parameter - TPDO6 map2 sub index and size
Rear Controller Parameter - TPDO6 map2 index
Rear Controller Parameter - TPDO6 map3 sub index and size
Rear Controller Parameter - TPDO6 map3 index
Rear Controller Parameter - TPDO6 map4 sub index and size
Rear Controller Parameter - TPDO6 map4 index
Rear Controller Parameter - TPDO6 size (words)
Rear Controller Parameter - TPDO6 transmission type
Rear Controller Parameter - TPDO6 timeout
Rear Controller Parameter - TPDO6 event time
Rear Controller Parameter - TPDO7 map1 sub index and size
Rear Controller Parameter - TPDO7 map1 index
Rear Controller Parameter - TPDO7 map2 sub index and size
Rear Controller Parameter - TPDO7 map2 index
Rear Controller Parameter - TPDO7 map3 sub index and size
Rear Controller Parameter - TPDO7 map3 index
Rear Controller Parameter - TPDO7 map4 sub index and size
Rear Controller Parameter - TPDO7 map4 index
Rear Controller Parameter - TPDO7 size (words)
Rear Controller Parameter - TPDO7 transmission type
Rear Controller Parameter - TPDO7 timeout
Rear Controller Parameter - TPDO7 event time
Rear Controller Parameter - TPDO8 map1 sub index and size
Rear Controller Parameter - TPDO8 map1 index
Rear Controller Parameter - TPDO8 map2 sub index and size
Rear Controller Parameter - TPDO8 map2 index
Rear Controller Parameter - TPDO8 map3 sub index and size
Rear Controller Parameter - TPDO8 map3 index
Rear Controller Parameter - TPDO8 map4 sub index and size
Rear Controller Parameter - TPDO8 map4 index
Rear Controller Parameter - TPDO8 size (words)
Rear Controller Parameter - TPDO8 transmission type
Rear Controller Parameter - TPDO8 timeout
Rear Controller Parameter - TPDO8 event time
Rear Controller Parameter - TPDO9 map1 sub index and size
Rear Controller Parameter - TPDO9 map1 index
Rear Controller Parameter - TPDO9 map2 sub index and size
Rear Controller Parameter - TPDO9 map2 index
Rear Controller Parameter - TPDO9 map3 sub index and size
Rear Controller Parameter - TPDO9 map3 index
Rear Controller Parameter - TPDO9 map4 sub index and size
Rear Controller Parameter - TPDO9 map4 index
Rear Controller Parameter - TPDO9 size (words)
Rear Controller Parameter - TPDO9 transmission type
Rear Controller Parameter - TPDO9 timeout
Rear Controller Parameter - TPDO9 event time
Rear Controller Parameter - TPDO10 map1 sub index and size
Rear Controller Parameter - TPDO10 map1 index
Rear Controller Parameter - TPDO10 map2 sub index and size
Rear Controller Parameter - TPDO10 map2 index
Rear Controller Parameter - TPDO10 map3 sub index and size
Rear Controller Parameter - TPDO10 map3 index
Rear Controller Parameter - TPDO10 map4 sub index and size
Rear Controller Parameter - TPDO10 map4 index
Rear Controller Parameter - TPDO10 size (words)
Rear Controller Parameter - TPDO10 transmission type
Rear Controller Parameter - TPDO10 timeout
Rear Controller Parameter - TPDO10 event time
Rear Controller Parameter - TPDO11 map1 sub index and size
Rear Controller Parameter - TPDO11 map1 index
Rear Controller Parameter - TPDO11 map2 sub index and size
Rear Controller Parameter - TPDO11 map2 index
Rear Controller Parameter - TPDO11 map3 sub index and size
Rear Controller Parameter - TPDO11 map3 index
Rear Controller Parameter - TPDO11 map4 sub index and size
Rear Controller Parameter - TPDO11 map4 index
Rear Controller Parameter - TPDO11 size (words)
Rear Controller Parameter - TPDO11 transmission type
Rear Controller Parameter - TPDO11 timeout
Rear Controller Parameter - TPDO11 event time
Rear Controller Parameter - TPDO12 map1 sub index and size
Rear Controller Parameter - TPDO12 map1 index
Rear Controller Parameter - TPDO12 map2 sub index and size
Rear Controller Parameter - TPDO12 map2 index
Rear Controller Parameter - TPDO12 map3 sub index and size
Rear Controller Parameter - TPDO12 map3 index
Rear Controller Parameter - TPDO12 map4 sub index and size
Rear Controller Parameter - TPDO12 map4 index
Rear Controller Parameter - TPDO12 size (words)
Rear Controller Parameter - TPDO12 transmission type
Rear Controller Parameter - TPDO12 timeout
Rear Controller Parameter - TPDO12 event time

Front Controller Parameter - RPDO1 COBID (low word)
Front Controller Parameter - RPDO1 COBID (high word)
Front Controller Parameter - RPDO2 COBID (low word)
Front Controller Parameter - RPDO2 COBID (high word)
Front Controller Parameter - RPDO3 COBID (low word)
Front Controller Parameter - RPDO3 COBID (high word)
Front Controller Parameter - RPDO4 COBID (low word)
Front Controller Parameter - RPDO4 COBID (high word)
Front Controller Parameter - RPDO5 COBID (low word)
Front Controller Parameter - RPDO5 COBID (high word)
Front Controller Parameter - RPDO6 COBID (low word)
Front Controller Parameter - RPDO6 COBID (high word)
Front Controller Parameter - RPDO7 COBID (low word)
Front Controller Parameter - RPDO7 COBID (high word)
Front Controller Parameter - RPDO8 COBID (low word)
Front Controller Parameter - RPDO8 COBID (high word)
Front Controller Parameter - RPDO9 COBID (low word)
Front Controller Parameter - RPDO9 COBID (high word)
Front Controller Parameter - RPDO10 COBID (low word)
Front Controller Parameter - RPDO10 COBID (high word)
Front Controller Parameter - RPDO11 COBID (low word)
Front Controller Parameter - RPDO11 COBID (high word)
Front Controller Parameter - RPDO12 COBID (low word)
Front Controller Parameter - RPDO12 COBID (high word)

Front Controller Parameter - TPDO1 COBID (low word)
Front Controller Parameter - TPDO1 COBID (high word)
Front Controller Parameter - TPDO2 COBID (low word)
Front Controller Parameter - TPDO2 COBID (high word)
Front Controller Parameter - TPDO3 COBID (low word)
Front Controller Parameter - TPDO3 COBID (high word)
Front Controller Parameter - TPDO4 COBID (low word)
Front Controller Parameter - TPDO4 COBID (high word)
Front Controller Parameter - TPDO5 COBID (low word)
Front Controller Parameter - TPDO5 COBID (high word)
Front Controller Parameter - TPDO6 COBID (low word)
Front Controller Parameter - TPDO6 COBID (high word)
Front Controller Parameter - TPDO7 COBID (low word)
Front Controller Parameter - TPDO7 COBID (high word)
Front Controller Parameter - TPDO8 COBID (low word)
Front Controller Parameter - TPDO8 COBID (high word)
Front Controller Parameter - TPDO9 COBID (low word)
Front Controller Parameter - TPDO9 COBID (high word)
Front Controller Parameter - TPDO10 COBID (low word)
Front Controller Parameter - TPDO10 COBID (high word)
Front Controller Parameter - TPDO11 COBID (low word)
Front Controller Parameter - TPDO11 COBID (high word)
Front Controller Parameter - TPDO12 COBID (low word)
Front Controller Parameter - TPDO12 COBID (high word)

Rear Controller Parameter - RPDO1 COBID (low word)
Rear Controller Parameter - RPDO1 COBID (high word)
Rear Controller Parameter - RPDO2 COBID (low word)
Rear Controller Parameter - RPDO2 COBID (high word)
Rear Controller Parameter - RPDO3 COBID (low word)
Rear Controller Parameter - RPDO3 COBID (high word)
Rear Controller Parameter - RPDO4 COBID (low word)
Rear Controller Parameter - RPDO4 COBID (high word)
Rear Controller Parameter - RPDO5 COBID (low word)
Rear Controller Parameter - RPDO5 COBID (high word)
Rear Controller Parameter - RPDO6 COBID (low word)
Rear Controller Parameter - RPDO6 COBID (high word)
Rear Controller Parameter - RPDO7 COBID (low word)
Rear Controller Parameter - RPDO7 COBID (high word)
Rear Controller Parameter - RPDO8 COBID (low word)
Rear Controller Parameter - RPDO8 COBID (high word)
Rear Controller Parameter - RPDO9 COBID (low word)
Rear Controller Parameter - RPDO9 COBID (high word)
Rear Controller Parameter - RPDO10 COBID (low word)
Rear Controller Parameter - RPDO10 COBID (high word)
Rear Controller Parameter - RPDO11 COBID (low word)
Rear Controller Parameter - RPDO11 COBID (high word)
Rear Controller Parameter - RPDO12 COBID (low word)
Rear Controller Parameter - RPDO12 COBID (high word)

Rear Controller Parameter - TPDO1 COBID (low word)
Rear Controller Parameter - TPDO1 COBID (high word)
Rear Controller Parameter - TPDO2 COBID (low word)
Rear Controller Parameter - TPDO2 COBID (high word)
Rear Controller Parameter - TPDO3 COBID (low word)
Rear Controller Parameter - TPDO3 COBID (high word)
Rear Controller Parameter - TPDO4 COBID (low word)
Rear Controller Parameter - TPDO4 COBID (high word)
Rear Controller Parameter - TPDO5 COBID (low word)
Rear Controller Parameter - TPDO5 COBID (high word)
Rear Controller Parameter - TPDO6 COBID (low word)
Rear Controller Parameter - TPDO6 COBID (high word)
Rear Controller Parameter - TPDO7 COBID (low word)
Rear Controller Parameter - TPDO7 COBID (high word)
Rear Controller Parameter - TPDO8 COBID (low word)
Rear Controller Parameter - TPDO8 COBID (high word)
Rear Controller Parameter - TPDO9 COBID (low word)
Rear Controller Parameter - TPDO9 COBID (high word)
Rear Controller Parameter - TPDO10 COBID (low word)
Rear Controller Parameter - TPDO10 COBID (high word)
Rear Controller Parameter - TPDO11 COBID (low word)
Rear Controller Parameter - TPDO11 COBID (high word)
Rear Controller Parameter - TPDO12 COBID (low word)
Rear Controller Parameter - TPDO12 COBID (high word)
